3 2 16 32 1024 8192 903 0.994172861071817 0 0.059728361666202545 0.2022656522388271 0.4887213485455622 -1.6252006888389587 0.01429285995226337 
3 2 16 32 1024 8192 920 0.993372861071817 0 0.14341652393341064 0.19202450858004028 0.5177446050029325 -1.624621570110321 0.014223606588984694 
3 2 16 32 1024 8192 920 0.9917728610718171 0 0.16363678127527237 0.19251369054219403 0.5192784007969427 -1.6312953233718872 0.013766049608847197 
3 2 16 32 1024 8192 919 0.9885728610718171 0 0.08290056884288788 0.1963813404315573 0.514122789690396 -1.642133742570877 0.013504441254212907 
3 2 16 32 1024 8192 923 0.982172861071817 0 0.35930708050727844 0.14181843600905708 0.5699075487999195 -1.665876418352127 0.012052930612242108 
3 2 16 32 1024 8192 915 0.9693728610718171 0 0.5111949220299721 0.09144634433955723 0.6098924435102029 -1.7038017958402634 0.009880243751020146 
3 2 16 32 1024 8192 914 0.943772861071817 0 0.7900998219847679 0.047923719288151645 0.6436804973857675 -1.7632400542497635 0.006624365866464643 
3 2 16 32 1024 8192 905 0.892572861071817 0 0.9207373261451721 0.0016823390288855933 0.6642018837910618 -1.8405141681432724 0.0037130630197665937 
3 2 16 32 1024 8192 905 0.7901728610718171 0 0.968212716281414 0.00036206246210745974 0.6661632405288247 -1.9272204786539078 0.0014159328479976807 
3 2 16 32 1024 8192 919 0.585372861071817 0 0.9962001144886017 2.6564089839808958e-05 0.6666312827846665 -1.9902831017971039 0.00016184234063132408 
3 2 16 32 1024 8192 895 0.9957728610718171 0 0.14821474999189377 0.1937658739180943 0.490118935891696 -1.6191321462392807 0.014491280708590182 
3 2 16 32 1024 8192 893 0.9965728610718171 0 0.08838103711605072 0.20095028846391827 0.47747876983518844 -1.6104710102081299 0.014888292112743784 
3 2 16 32 1024 8192 897 0.998172861071817 0 0.10650872439146042 0.1985389391566006 0.4731100689324552 -1.6076305955648422 0.015026517746640877 
3 2 16 32 1024 8192 892 1.001372861071817 0 0.042781583964824677 0.19212140895689878 0.47256452671834726 -1.5974720120429993 0.015421408162865191 
3 2 16 32 1024 8192 891 1.007772861071817 0 0.021335601806640625 0.2072615688493613 0.4173280506123569 -1.573192149400711 0.015885568150764584 
3 2 16 32 1024 8192 894 1.020572861071817 0 0.008078671991825104 0.16664878986319387 0.33727859852481723 -1.5128304064273834 0.015903976514877627 
3 2 16 32 1024 8192 894 1.046172861071817 0 -0.0017161518335342407 0.11210386999631439 0.2043375899090541 -1.4278875887393951 0.01319894466456617 
3 2 16 32 1024 8192 893 1.097372861071817 0 -0.0025287270545959473 0.05089612995325865 0.021651039484432852 -1.3135777562856674 0.007577587752727766 
3 2 16 32 1024 8192 902 1.199772861071817 0 -5.7697296142578125e-05 0.021471119258638538 0.0067702773581629246 -1.1995127648115158 0.00466044306147495 
3 2 16 32 1024 8192 901 1.4045728610718171 0 0.0012603625655174255 0.010371777264767346 0.00033725751567565895 -1.0772199779748917 0.003404495220060255 
3 2 16 32 1024 8192 904 0.994972861071817 0.001 0.18576576560735703 0.22641679852081076 0.48419088200893845 -1.6189643240123957 0.014563793980343 
3 2 16 32 1024 8192 907 0.994972861071817 0.002 0.2123733013868332 0.2130877026662219 0.5082531071962122 -1.6246586305499104 0.013949718033439636 
3 2 16 32 1024 8192 900 0.994972861071817 0.004 0.23312528431415558 0.19430802329805985 0.5217961025376916 -1.6277983319759395 0.014076011059939178 
3 2 16 32 1024 8192 904 0.994972861071817 0.008 0.5000817030668259 0.16715466699152515 0.5625731224118273 -1.6419074264764753 0.013040807828072433 
3 2 16 32 1024 8192 894 0.994972861071817 0.016 0.6524612605571747 0.09148915875622521 0.604373511468854 -1.664752273321156 0.012558296142950063 
3 2 16 32 1024 8192 901 0.994972861071817 0.032 0.8055602312088013 0.014998940270274375 0.6504186044535123 -1.718383875966068 0.009357434924539446 
3 2 16 32 1024 8192 898 0.994972861071817 0.064 0.8466691076755524 0.004783533701210985 0.6587177216372074 -1.7830651429891644 0.007486325457328339 
3 2 16 32 1024 8192 897 0.994972861071817 0.128 0.8832290694117546 0.002368362964608295 0.6628507454550945 -1.88888610136508 0.00573903536503852 
3 2 16 32 1024 8192 894 0.994972861071817 0.256 0.9180924892425537 0.001097322271384371 0.6649810431378558 -2.0661466763019427 0.004151896211000714 
3 2 16 32 1024 8192 894 0.994972861071817 0.512 0.9497767761349678 0.0004831832990515039 0.6659637015379911 -2.3779048246145167 0.0028282507557154035 
3 2 32 32 1024 8192 3631 0.9957728610718171 0 0.4068809971213341 0.0885833167769059 0.5537609668275283 -1.5997117385268211 0.0050127346204957846 
3 2 32 32 1024 8192 3644 0.9965728610718171 0 0.36612880416214466 0.0809471557080198 0.5272577672101308 -1.5923274010419846 0.005056490475226383 
3 2 32 32 1024 8192 3584 0.998172861071817 0 0.2935214340686798 0.09048171113042058 0.5250761915024508 -1.588599506765604 0.005222048761466258 
3 2 32 32 1024 8192 3660 1.001372861071817 0 0.16617869399487972 0.11820780920619967 0.45215036113888274 -1.5596801452338696 0.0055901058611671495 
3 2 32 32 1024 8192 3662 1.007772861071817 0 0.1485479474067688 0.10648676496435083 0.40489549689122484 -1.5277437344193459 0.005236538761048237 
3 2 32 32 1024 8192 3667 1.020572861071817 0 0.0031502414494752884 0.0654493675765605 0.20394973031720462 -1.4656444676220417 0.0040036670240737315 
3 2 32 32 1024 8192 3673 1.046172861071817 0 0.003827488049864769 0.031538645421182676 0.08056021320764929 -1.3923811055719852 0.0023224115769733267 
3 2 32 32 1024 8192 3669 1.097372861071817 0 -0.0022141598165035248 0.012018834847090654 0.002050034589235694 -1.3054204620420933 0.001550057503714175 
3 2 32 32 1024 8192 3678 1.199772861071817 0 0.00013247132301330566 0.005382298043584699 0.007021935962497353 -1.1992093212902546 0.0011519635563170816 
3 2 32 32 1024 8192 3679 1.4045728610718171 0 0.0005058404058218002 0.00258580372935302 0.0025616951792412773 -1.0771712325513363 0.0008471243254351002 
3 2 32 32 1024 8192 3697 0.994172861071817 0 0.43702277913689613 0.10054845259075451 0.5683877975246705 -1.6071741245687008 0.004899460605215733 
3 2 32 32 1024 8192 3696 0.993372861071817 0 0.6066761035472155 0.050759454219944655 0.5920766395076082 -1.610446471720934 0.004693682041760017 
3 2 32 32 1024 8192 3657 0.9917728610718171 0 0.4757803976535797 0.0762107842373747 0.5896405493636845 -1.6159067042171955 0.004697175611376725 
3 2 32 32 1024 8192 3663 0.9885728610718171 0 0.4908823184669018 0.06186631226615735 0.5921233628715286 -1.6314128935337067 0.004468291188192808 
3 2 32 32 1024 8192 3655 0.982172861071817 0 0.7116404585540295 0.02248992173883191 0.638158587721773 -1.6600513122975826 0.003598748174357791 
3 2 32 32 1024 8192 3654 0.9693728610718171 0 0.8054038528352976 0.004961720976598749 0.6581622253832955 -1.702217672020197 0.0026309263176735875 
3 2 32 32 1024 8192 3645 0.943772861071817 0 0.8646980114281178 0.0015445426517388672 0.6641013324912501 -1.7625168450176716 0.001702446775925015 
3 2 32 32 1024 8192 3643 0.892572861071817 0 0.9207062069326639 0.0004244107829965982 0.6660115484656228 -1.8405056931078434 0.0009302595660876101 
3 2 32 32 1024 8192 3633 0.7901728610718171 0 0.9681715443730354 9.084800063630105e-05 0.6665381700794073 -1.9271058775484562 0.0003561375395650934 
3 2 32 32 1024 8192 3639 0.585372861071817 0 0.9961843844503164 6.7142412319975975e-06 0.6666576651041861 -1.9902535043656826 4.0778425821397235e-05 
3 2 32 32 1024 8192 3716 0.994972861071817 0.001 0.5405206363648176 0.06470369773543505 0.5834622126122033 -1.6089301721043747 0.004733214625018365 
3 2 32 32 1024 8192 3697 0.994972861071817 0.002 0.5739557016640902 0.05778256578372132 0.6007304850343469 -1.6170637448057312 0.004531155589952874 
3 2 32 32 1024 8192 3702 0.994972861071817 0.004 0.6636595278978348 0.043609331072550495 0.6208071990734798 -1.6259890010058662 0.004362329919492522 
3 2 32 32 1024 8192 3694 0.994972861071817 0.008 0.7375574484467506 0.009352660856458472 0.6484104995278335 -1.647053581684848 0.0036307260060308277 
3 2 32 32 1024 8192 3704 0.994972861071817 0.016 0.7764839958399534 0.0046630776001063134 0.6575185918247677 -1.6775074837506005 0.0029059771975525504 
3 2 32 32 1024 8192 3695 0.994972861071817 0.032 0.8115171100944281 0.0022430276241171 0.6623490258688054 -1.7186920275091935 0.002310343042677045 
3 2 32 32 1024 8192 3702 0.994972861071817 0.064 0.84759690053761 0.0011897262872783143 0.6645263397877061 -1.7840804978311302 0.001841901035743413 
3 2 32 32 1024 8192 3680 0.994972861071817 0.128 0.8830838836729527 0.0005856536170143478 0.6656801753747513 -1.8886489132642519 0.001420000774378408 
3 2 32 32 1024 8192 3670 0.994972861071817 0.256 0.918021785095334 0.0002775917265142036 0.6662306918093209 -2.066117722719933 0.0010440441153369917 
3 2 32 32 1024 8192 3673 0.994972861071817 0.512 0.9498328398913145 0.00012086854283344106 0.6664887343466717 -2.377979929804794 0.0007080256672886881 
3 2 64 32 1024 8192 14757 0.994172861071817 0 0.5480645727366209 0.03277329072061223 0.5837873720194857 -1.5966975009068847 0.001417340455049737 
3 2 64 32 1024 8192 14763 0.993372861071817 0 0.6118036056868732 0.01522093440566382 0.5936786973408795 -1.6053547021001577 0.0012993353903926752 
3 2 64 32 1024 8192 14744 0.9917728610718171 0 0.6403288035653532 0.014316369699236824 0.6365130612213016 -1.6141416169703007 0.0013458296820904048 
3 2 64 32 1024 8192 14689 0.9885728610718171 0 0.6902216072194278 0.010359279842149759 0.6457666040981327 -1.6307987570762634 0.0011621664542558752 
3 2 64 32 1024 8192 14673 0.982172861071817 0 0.7507139365188777 0.0028934845857971694 0.6603616493750288 -1.660669157281518 0.000856257696695506 
3 2 64 32 1024 8192 14681 0.9693728610718171 0 0.8080263114534318 0.001142266846600716 0.6644063192425098 -1.70357745885849 0.0006424598797048486 
3 2 64 32 1024 8192 14664 0.943772861071817 0 0.8653925065882504 0.00036187646357444675 0.6660315921629845 -1.7631423138082027 0.00041593612562501603 
3 2 64 32 1024 8192 14579 0.892572861071817 0 0.9207323654554784 0.0001071924916193831 0.6664989064155398 -1.840605334378779 0.00023454926196833648 
3 2 64 32 1024 8192 14359 0.7901728610718171 0 0.9682292328216136 2.266711356419676e-05 0.666634474168702 -1.927196684293449 8.906379208825643e-05 
3 2 64 32 1024 8192 14397 0.585372861071817 0 0.9961868291720748 1.6672173415582803e-06 0.6666644278558772 -1.990253402851522 1.0156944492717424e-05 
3 2 64 32 1024 8192 14741 0.9957728610718171 0 0.5371947376988828 0.027471003630264813 0.5511964195847763 -1.5861580958589911 0.0014661487487931113 
3 2 64 32 1024 8192 14738 0.9965728610718171 0 0.5115270856767893 0.025428687376594136 0.5818819996750241 -1.5816168747842312 0.0015239226565065822 
3 2 64 32 1024 8192 14567 0.998172861071817 0 0.4991604438982904 0.026501153389781866 0.5778741377690972 -1.5721711358055472 0.0015895632775329294 
3 2 64 32 1024 8192 14697 1.001372861071817 0 0.3422562973573804 0.03709576859807602 0.4488023719804165 -1.5478390520438552 0.0014582079164271733 
3 2 64 32 1024 8192 14717 1.007772861071817 0 0.11046111024916172 0.04737046722692073 0.29737930853210826 -1.5025138417258859 0.0012131763798009787 
3 2 64 32 1024 8192 14736 1.020572861071817 0 -0.0022491500712931156 0.017199588858161884 0.09702579395335854 -1.4506248934194446 0.0007444555073853609 
3 2 64 32 1024 8192 14845 1.046172861071817 0 -0.0005329358391463757 0.007493279157083914 -0.011502605436179984 -1.3893502382561564 0.0005409796916564791 
3 2 64 32 1024 8192 14689 1.097372861071817 0 0.0007736184634268284 0.0032078013004118375 -0.02090326348692522 -1.3054648470133543 0.0003911655236272793 
3 2 64 32 1024 8192 14663 1.199772861071817 0 -0.00037161074578762054 0.0013302275737725466 -0.0025630248466747656 -1.1989890588447452 0.00028744642950870314 
3 2 64 32 1024 8192 14890 1.4045728610718171 0 0.00010519521310925484 0.0006399531239675779 -0.00879571308321276 -1.0770150823518634 0.0002116259890442007 
3 2 64 32 1024 8192 14883 0.994972861071817 0.0001 0.5883618909865618 0.020369264014536356 0.6131142122286515 -1.595765613931141 0.0014108549915036587 
3 2 64 32 1024 8192 14823 0.994972861071817 0.0002 0.6323231277056038 0.01303840912325347 0.6283148593060678 -1.601188599777875 0.001377038130763366 
3 2 64 32 1024 8192 14800 0.994972861071817 0.0004 0.5941224209964275 0.021474737327770083 0.6113877871328803 -1.5991673658921712 0.0013887310118368666 
3 2 64 32 1024 8192 14933 0.994972861071817 0.0008 0.6203673905692995 0.018828073711509553 0.62412779818928 -1.6052303585908323 0.001319641758223966 
3 2 64 32 1024 8192 14748 0.994972861071817 0.0016 0.6506298258900642 0.013183185498042385 0.6333738882459258 -1.6101472942708972 0.0012922386089975258 
3 2 8 32 1024 8192 227 0.994172861071817 0 0.020050913095474243 0.30183834776468643 0.4480371579564535 -1.6549898386001587 0.038146509590887945 
3 2 8 32 1024 8192 228 0.993372861071817 0 0.04345202445983887 0.2919701053231165 0.4645932733865247 -1.6548739671707153 0.03858505488005903 
3 2 8 32 1024 8192 225 0.9917728610718171 0 -0.04456886649131775 0.28581995730448284 0.44126462222380064 -1.6627458930015564 0.037573281136587866 
3 2 8 32 1024 8192 225 0.9885728610718171 0 0.007747173309326172 0.2892259432661035 0.4613693458343484 -1.6679632663726807 0.03762572134587572 
3 2 8 32 1024 8192 226 0.982172861071817 0 -0.01093396544456482 0.2845705377522165 0.47791434559988316 -1.6848077774047852 0.03516310297072778 
3 2 8 32 1024 8192 225 0.9693728610718171 0 -0.028659343719482422 0.29616562056764906 0.48241113805565977 -1.7153393626213074 0.03126453026732179 
3 2 8 32 1024 8192 225 0.943772861071817 0 0.14103096723556519 0.325678250041733 0.5203056299158414 -1.7642558217048645 0.02494749294680787 
3 2 8 32 1024 8192 225 0.892572861071817 0 0.727048933506012 0.08808049640589388 0.6388089478011396 -1.8409050107002258 0.014955036264495902 
3 2 8 32 1024 8192 224 0.7901728610718171 0 0.9226455390453339 0.0014559585800668629 0.6647331419735298 -1.926805317401886 0.005704487383468404 
3 2 8 32 1024 8192 223 0.585372861071817 0 0.9961752593517303 0.00010836737843078481 0.666526215637384 -1.990237295627594 0.0006535623066383778 
3 2 8 32 1024 8192 228 0.9957728610718171 0 0.03584519028663635 0.3039156428330614 0.4517910730569985 -1.654099941253662 0.03892652570471 
3 2 8 32 1024 8192 226 0.9965728610718171 0 -0.03168031573295593 0.2770241004569982 0.4402682715352773 -1.6529580950737 0.038349553133571135 
3 2 8 32 1024 8192 225 0.998172861071817 0 0.02833026647567749 0.3018531603855763 0.44537510942453673 -1.6465845704078674 0.03921896850454232 
3 2 8 32 1024 8192 225 1.001372861071817 0 -0.016398608684539795 0.28069261207372165 0.4358402919978798 -1.639386534690857 0.03973019051773008 
3 2 8 32 1024 8192 225 1.007772861071817 0 -0.010103285312652588 0.28608698656859133 0.42006871721987005 -1.622510313987732 0.04151167960162638 
3 2 8 32 1024 8192 229 1.020572861071817 0 0.015059590339660645 0.2703465247951726 0.4095382899369828 -1.587339997291565 0.043583808754419806 
3 2 8 32 1024 8192 228 1.046172861071817 0 -0.0037949085235595703 0.231265731479823 0.3551349784891981 -1.5146819353103638 0.046007974287249453 
3 2 8 32 1024 8192 226 1.097372861071817 0 -0.0014273226261138916 0.16793028175354152 0.24236715415006072 -1.3899610042572021 0.04173694077712753 
3 2 8 32 1024 8192 225 1.199772861071817 0 -0.001110374927520752 0.08706459044532266 0.07044570400417977 -1.2244367003440857 0.025265736867254418 
3 2 8 32 1024 8192 226 1.4045728610718171 0 0.0005685985088348389 0.04165457888197466 0.014798424223961649 -1.0800738334655762 0.014361747552811721 
3 2 8 32 1024 8192 227 0.994972861071817 0.0001 0.04373294115066528 0.31180953202056116 0.44605287002756655 -1.6503495070338259 0.039300540714392214 
3 2 8 32 1024 8192 227 0.994972861071817 0.0002 0.008703649044036865 0.305168896300529 0.4473476619416109 -1.6550671428918846 0.037991292770964684 
3 2 8 32 1024 8192 229 0.994972861071817 0.0004 0.003249555826187134 0.2943353568960845 0.44541537693910127 -1.6533374488592145 0.039018514749296906 
3 2 8 32 1024 8192 230 0.994972861071817 0.0008 0.012041032314300537 0.2971386307651187 0.4505885186433861 -1.6565261283874508 0.037821993373586396 
3 2 8 32 1024 8192 229 0.994972861071817 0.0016 0.01555401086807251 0.2980974695621512 0.44762089215273587 -1.6581450819015502 0.037492690837832104 
3 2 8 32 1024 8192 227 0.994972861071817 0.0032 0.09568920731544495 0.3104655809348458 0.46219659991621587 -1.6588655440330515 0.03772773490639407 
3 2 8 32 1024 8192 227 0.994972861071817 0.0064 0.06756329536437988 0.3198589866033785 0.4530437198156708 -1.657359943580627 0.038102418434247845 
3 2 8 32 1024 8192 226 0.994972861071817 0.0128 0.2121228277683258 0.34123580562371103 0.483423354283382 -1.6647318288803095 0.038924719430179985 
3 2 8 32 1024 8192 226 0.994972861071817 0.0256 0.4124334156513214 0.29982315730333653 0.5347765398638408 -1.6850012011528004 0.037687398839109196 
3 2 8 32 1024 8192 227 0.994972861071817 0.0512 0.6878394186496735 0.15890198711403514 0.6064134517000377 -1.7422630703926072 0.03416764957939519 
3 2 8 32 1024 8192 227 0.994972861071817 0.1024 0.8636284470558167 0.020160856480458733 0.6487185115019987 -1.846563948535921 0.02603944142415052 
3 2 8 32 1024 8192 226 0.994972861071817 0.2048 0.9071673154830933 0.005638798266204503 0.6587734257877638 -1.9983857703208947 0.01845455090322525 
3 2 8 32 1024 8192 225 0.994972861071817 0.4096 0.9398180246353149 0.0025819155238764324 0.6630660070397532 -2.256544833374023 0.013081259220067115 
3 2 8 32 1024 8192 235 0.994972861071817 0 -0.033866941928863525 0.29050119706101896 0.43892090756935503 -1.6546144485473633 0.03816747825067068 
3 2 16 32 1024 8192 899 0.994972861071817 0 0.18165984004735947 0.19041831533550457 0.5120545300083345 -1.6227813363075256 0.013798623977251623 
3 2 32 32 1024 8192 3663 0.994972861071817 0 0.33761319518089294 0.07065261769293762 0.5651148663414928 -1.6052952371537685 0.004732675557280519 3 2 8 32 1024 8192 133 0.994972861071817 0 -0.05925914645195007 0.2604999248102615 0.44114116113275015 -1.6517866849899292 0.03882020168884992 
3 2 64 32 1024 8192 9198 0.994972861071817 0.0032 0.7010467248037457 0.0044807485016502835 0.6552508524786285 -1.6259050655633924 0.001068112492626502 
3 2 64 32 1024 8192 9091 0.994972861071817 0.0064 0.7321485965512693 0.0024563275389435577 0.6608852394035252 -1.6423578313128344 0.0009129263272664649 
3 2 64 32 1024 8192 9162 0.994972861071817 0.0128 0.7627391554415226 0.001521025375148255 0.6633287277707676 -1.6655500977010842 0.0008002788220033931 
3 2 64 32 1024 8192 9171 0.994972861071817 0.0256 0.7992084487341344 0.0007219230509257837 0.6651881067525642 -1.7029135866134952 0.0006229639182104489 
3 2 64 32 1024 8192 8941 0.994972861071817 0.0512 0.8355176951736212 0.00037598122169260617 0.6659556041834236 -1.7595354431911674 0.0005050402986830357 
3 2 64 32 1024 8192 8874 0.994972861071817 0.1024 0.871547335293144 0.0001849041669480314 0.6663435812597671 -1.848921217843841 0.0003897192328763167 
3 2 64 32 1024 8192 8980 0.994972861071817 0.2048 0.9070831499993801 8.837903731576113e-05 0.6665237643199717 -1.9982474421056027 0.00028938292292689835 
3 2 64 32 1024 8192 9029 0.994972861071817 0.4096 0.9400865347124636 3.9654440689158854e-05 0.6666069130367646 -2.2571307051107876 0.00020147871373247015 
3 2 64 32 1024 8192 11539 0.9957728610718171 0 0.5256690117530525 0.027957835734918352 0.5921198476327366 -1.5842834524810314 0.0015102158562303458 
3 2 64 32 1024 8192 11497 0.9965728610718171 0 0.4872280601412058 0.028234354204172182 0.5708315485087446 -1.5795672256499529 0.0014894435705177789 
3 2 64 32 1024 8192 11786 0.998172861071817 0 0.453150964807719 0.032749188427009725 0.5553398728866591 -1.5700944447889924 0.0015265244035592984 
3 2 64 32 1024 8192 11993 1.001372861071817 0 0.3039338029921055 0.04159880766968377 0.48022201294589106 -1.5467750122770667 0.0015310682268351028 
3 2 64 32 1024 8192 11758 1.007772861071817 0 0.10402088472619653 0.0470343041339589 0.18320287786390488 -1.50112400110811 0.0011741207667924913 
3 2 64 32 1024 8192 12161 1.020572861071817 0 0.009123262483626604 0.01939198261975681 0.06698103708602932 -1.4509958866983652 0.0007530838403619344 
3 2 64 32 1024 8192 12263 1.046172861071817 0 -6.012246012687683e-05 0.007785526849681548 0.019348435514302726 -1.38913563080132 0.0005464057077701479 
3 2 64 32 1024 8192 12080 1.097372861071817 0 -0.00039736973121762276 0.003105191398215572 0.02120303459674281 -1.3057207195088267 0.0003975986337858284 
3 2 64 32 1024 8192 11585 1.199772861071817 0 0.000891469419002533 0.0013567229007689363 0.004759262676828562 -1.1988957012072206 0.0002873468641196031 
3 2 64 32 1024 8192 11673 1.4045728610718171 0 0.0001329490914940834 0.0006491064577787975 0.002105472599658268 -1.0770309567451477 0.00021175720515420604 
3 2 8 32 1024 8192 190 0.994972861071817 0 0.02193427085876465 0.30477851147321644 0.44157559256941203 -1.649106204509735 0.03955048748491663 
3 2 16 32 1024 8192 435 0.994972861071817 0 0.05729635804891586 0.17206877867935155 0.49820499427900916 -1.622366040945053 0.014314795493703514 
3 2 32 32 1024 8192 1788 0.994972861071817 0 0.36899662762880325 0.060106965450740235 0.5785137885249825 -1.6018174663186073 0.00506602921898569 
3 2 64 32 1024 8192 7870 0.994972861071817 0 0.6068697366863489 0.015973610421580534 0.6252256814409569 -1.5944827944040298 0.00138473677392692 
3 2 8 32 1024 8192 110 1.005 0 0.05124187469482422 0.3020276314522903 0.44338629360047277 -1.630316436290741 0.040363703506841375 
3 2 8 32 1024 8192 110 1.005 0 -0.05447810888290405 0.2661742925990893 0.4160181636508962 -1.625986397266388 0.04142985709233926 
3 2 16 32 1024 8192 448 1.005 0 -0.0015538781881332397 0.1738583814807093 0.441163889790829 -1.5821472108364105 0.01575889310086609 
3 2 32 32 1024 8192 1787 1.005 0 0.1623058132827282 0.12037444063544656 0.43721603353776406 -1.5474021397531033 0.005293187108165842 
3 2 64 32 1024 8192 7427 1.005 0 0.19988405890762806 0.0556284113233485 0.33591928266465554 -1.5199889354407787 0.0013445784621108903 
3 2 16 32 1024 8192 430 1.01 0 -0.01254543662071228 0.1655781540573109 0.4254740972551792 -1.5598198473453522 0.016122643879612042 
3 2 16 32 1024 8192 430 1.01 0 0.011761210858821869 0.17857042641777987 0.4345749774198764 -1.5644114762544632 0.015839517827451743 
3 2 16 32 1024 4096 430 1.01 0 0.09478677809238434 0.19281892203601814 0.4394830110328569 -1.563945472240448 0.015743178668344626 
3 2 8 32 1024 8192 154 1.01 0 -0.04251563549041748 0.26168929115186756 0.4178761412122169 -1.6156176924705505 0.04180649154261573 
3 2 8 32 1024 8192 27 1.01 0 -0.0236893892288208 0.26074928230337946 0.420217842954788 -1.6144275069236755 0.04187109766633057 
3 2 8 32 1024 8192 27 1.01 0 0.009289443492889404 0.2908773327102381 0.42117871495990944 -1.613858699798584 0.04201657544945192 
3 2 8 32 1024 8192 27 1.01 0 -0.01159369945526123 0.2732526195121068 0.42134777775865995 -1.6123862862586975 0.04209163057873866 
3 2 8 32 1024 8192 28 1.01 0 -0.02908867597579956 0.26622318973579695 0.42218643822676194 -1.615896761417389 0.041742046511330955 
3 2 16 32 1024 8192 434 1.01 0 0.05454043298959732 0.1838301086564531 0.41854448505693437 -1.5593963116407394 0.015959652306356986 
3 2 16 32 1024 8192 78 1.01 0 0.020683400332927704 0.18032187740800332 0.4201386746440706 -1.5610287487506866 0.016093699185532273 
3 2 32 32 1024 8192 335 1.01 0 0.060476748272776604 0.10061728440558937 0.3664035200667205 -1.5194408558309078 0.005161371903244838 
3 2 32 32 1024 8192 511 1.01 0 0.11975055560469627 0.1013966721245656 0.38513106268949815 -1.5184865146875381 0.0049672158512636955 
3 2 64 32 1024 8192 1351 1.01 0 0.06559649156406522 0.0428612503946996 0.1572811504830343 -1.4911380121484399 0.001111485113261007 
3 2 8 64 1024 8192 37 1.0108 0 0.03497356176376343 0.29115056043906407 0.42860601170674606 -1.6132901906967163 0.041824597909908334 
3 2 8 64 1024 8192 38 1.0116 0 0.013024285435676575 0.2806881088636288 0.42454778966959794 -1.6113806366920471 0.04279014966152772 
3 2 8 64 1024 8192 37 1.0132 0 -0.018018215894699097 0.2689240282206242 0.4191860886708937 -1.6100292801856995 0.042445161073487725 
3 2 8 64 1024 8192 37 1.0164 0 0.03248625993728638 0.28416751645306704 0.4201709528977477 -1.599578857421875 0.042768355604721364 
3 2 8 64 1024 8192 37 1.0228 0 0.005224019289016724 0.2650786828907883 0.4059696581751614 -1.5816450715065002 0.044397273886602306 
3 2 8 64 1024 8192 37 1.0356 0 -0.0091724693775177 0.245314459387032 0.3719204407265537 -1.5438871681690216 0.04578475329680032 
3 2 8 64 1024 8192 37 1.0612 0 -0.0025978386402130127 0.21211523396871712 0.3277118400465726 -1.4767144918441772 0.045773813891742066 
3 2 8 64 1024 8192 37 1.1124 0 0.003237396478652954 0.1508339717098579 0.2103504742395172 -1.3556222021579742 0.038775251573213154 
3 2 8 64 1024 8192 37 1.2148 0 0.002444043755531311 0.08127019206354191 0.057160108379519764 -1.2077425718307495 0.02344679877865019 
3 2 8 64 1024 8192 39 1.4196 0 -0.0007981657981872559 0.04028777164447206 0.011667940839922886 -1.0732889473438263 0.014132021535544936 
3 2 8 64 1024 8192 39 1.0092 0 0.009647786617279053 0.2941998910789607 0.4212198758535168 -1.6186849176883698 0.041477004460773514 
3 2 8 64 1024 8192 40 1.0084 0 -0.009651422500610352 0.28325697923636994 0.4191926931405226 -1.6196514070034027 0.04169015738585813 
3 2 8 64 1024 8192 38 1.0068 0 -0.005137845873832703 0.28506280357596836 0.42635765509053414 -1.6253319084644318 0.041094949916839596 
3 2 8 64 1024 8192 37 1.0036 0 0.03614720702171326 0.29193660888165596 0.44293110875380365 -1.6325913667678833 0.04027016237466796 
3 2 8 64 1024 8192 37 0.9972 0 -0.033432021737098694 0.2769205252699152 0.43686584802136785 -1.645740419626236 0.03950501567652509 
3 2 8 64 1024 8192 37 0.9844 0 0.011048659682273865 0.2986098879009518 0.4672752036560641 -1.6793111562728882 0.03562374582793382 
3 2 8 64 1024 8192 37 0.9588 0 0.010999888181686401 0.2747463556438845 0.5094501367466509 -1.7359993159770966 0.028844798224042734 
3 2 8 64 1024 8192 37 0.9076 0 0.49538367986679077 0.20763097105725592 0.5912749770614351 -1.8215903341770172 0.017239142799496676 
3 2 8 64 1024 8192 37 0.8052 0 0.9637378305196762 0.0017577352564188686 0.664391282490771 -1.918063461780548 0.006496229219465022 
3 2 8 64 1024 8192 37 0.6004 0 0.9953762739896774 0.0001323420383840812 0.6664948070863335 -1.9882388710975647 0.0007916063825632591 
3 2 8 64 1024 8192 38 1.01 0.0001 0.00400678813457489 0.2853602507214106 0.42253492537104675 -1.6165030730992562 0.04189873375938696 
3 2 8 64 1024 8192 38 1.01 0.0002 -0.027320832014083862 0.270791227625125 0.4183425287568267 -1.6148907163977628 0.04227765078682953 
3 2 8 64 1024 8192 38 1.01 0.0004 0.004843592643737793 0.2793080692097476 0.42415918096409966 -1.6169877130985257 0.04160403294159801 
3 2 8 64 1024 8192 37 1.01 0.0008 0.02029074728488922 0.2817058850419727 0.42823864623069263 -1.6163828958749769 0.04176304468732073 
3 2 8 64 1024 8192 37 1.01 0.0016 0.012840956449508667 0.28820211127194284 0.4200629301229568 -1.6155512718200682 0.041932710698431304 
3 2 8 64 1024 8192 37 1.01 0.0032 0.05885349214076996 0.29670744879793176 0.4316228052606874 -1.6172328976154335 0.04204931706818074 
3 2 8 64 1024 8192 37 1.01 0.0064 0.0939999520778656 0.30865850975683884 0.43539095344954415 -1.6169693871021267 0.042225247652873985 
3 2 8 64 1024 8192 36 1.01 0.0128 0.19068075716495514 0.31804836286322313 0.461059441015248 -1.6242091780185695 0.0417850146715042 
3 2 8 64 1024 8192 36 1.01 0.0256 0.34292298555374146 0.31062874261562 0.5053839957259026 -1.644648647928237 0.04158385178268985 
3 2 8 64 1024 8192 36 1.01 0.0512 0.6395562142133713 0.18289723223379895 0.5905496195029554 -1.7053179973125445 0.038946114022814095 
3 2 8 64 1024 8192 37 1.01 0.1024 0.8333273530006409 0.035973407194774154 0.6415211567690677 -1.8166438718795792 0.03002283361690165 
3 2 8 64 1024 8192 36 1.01 0.2048 0.8975069373846054 0.006652729037611493 0.6573663292344365 -1.980259935998919 0.02040334819363746 
3 2 8 64 1024 8192 36 1.01 0.4096 0.9349015802145004 0.0028454137487159414 0.662666997670263 -2.2450978686809533 0.014105554967695555 
3 2 16 64 1024 8192 150 1.0108 0 0.041768088936805725 0.18825629723832904 0.4093791187290348 -1.5594937577843666 0.015882014997355753 
3 2 16 64 1024 8192 150 1.0116 0 -0.008080977946519852 0.1732248917087018 0.4023436850123635 -1.5548365637660027 0.01607741278553121 
3 2 16 64 1024 8192 151 1.0132 0 0.00662747398018837 0.17319193836079538 0.4172345039361104 -1.5523963570594788 0.01610242315152277 
3 2 16 64 1024 8192 151 1.0164 0 0.013401415199041367 0.17238834588706364 0.380879012703375 -1.536476917564869 0.01622283142149783 
3 2 16 64 1024 8192 151 1.0228 0 -0.010116539895534515 0.1572738469682431 0.34971487463797474 -1.510939583182335 0.016040228749183427 
3 2 16 64 1024 8192 151 1.0356 0 0.00939999520778656 0.13696007434071156 0.2615485212743155 -1.4609757289290428 0.01479910129684825 
3 2 16 64 1024 8192 150 1.0612 0 -0.002570033073425293 0.08663631923890414 0.11559035227788403 -1.3845164477825165 0.01093606890005816 
3 2 16 64 1024 8192 151 1.1124 0 -0.0030363574624061584 0.042088652730328135 0.03310052055512588 -1.291408896446228 0.006605854584357473 
3 2 16 64 1024 8192 150 1.2148 0 0.0024436302483081818 0.020246435642767402 -0.013172581645010733 -1.1876706033945084 0.004495392694735756 
3 2 16 64 1024 8192 151 1.4196 0 0.001221872866153717 0.00997331919884914 0.006838665464601108 -1.0703754276037216 0.003312608821893548 
3 2 16 64 1024 8192 224 1.0092 0 0.012103572487831116 0.1844285797993841 0.4117640135566386 -1.5649730637669563 0.016039304253791187 
3 2 16 64 1024 8192 152 1.0084 0 0.039290376007556915 0.19714434447067575 0.4153479098979059 -1.5668615028262138 0.01599391071903611 
3 2 16 64 1024 8192 151 1.0068 0 0.012504193931818008 0.18873006865931163 0.44152421413300463 -1.5790691152215004 0.015479336079618378 
3 2 16 64 1024 8192 151 1.0036 0 0.07466420903801918 0.20287050017449193 0.4479637735663851 -1.5874566212296486 0.015487603156525864 
3 2 16 64 1024 8192 152 0.9972 0 0.04085348919034004 0.1796944662659472 0.4909707441062532 -1.6105730757117271 0.014678116519579731 
3 2 16 64 1024 8192 154 0.9844 0 0.20594722032546997 0.18488266940720344 0.5397513334637178 -1.6571436300873756 0.01252317480762244 
3 2 16 64 1024 8192 151 0.9588 0 0.6225957572460175 0.06490144530251918 0.627807065497815 -1.7304109260439873 0.008439026432395025 
3 2 16 64 1024 8192 151 0.9076 0 0.8930718936026096 0.0075461781378267645 0.6604218485357893 -1.8218924179673195 0.004319791640885029 
3 2 16 64 1024 8192 151 0.8052 0 0.9636988043785095 0.0004436755065899689 0.6660468208320537 -1.9179707691073418 0.001628818452299896 
3 2 16 64 1024 8192 151 0.6004 0 0.9954203180968761 3.243053009338581e-05 0.6666234051461528 -1.9883432760834694 0.00019458969772401247 
3 2 16 64 1024 8192 158 1.01 0.0001 0.05593130365014076 0.19282066380739327 0.4099134224341662 -1.5586417197369014 0.016008656307055304 
3 2 16 64 1024 8192 154 1.01 0.0002 -0.0028099343180656433 0.16919584659312292 0.4235455503051298 -1.5618166965454836 0.016217546300473208 
3 2 16 64 1024 8192 159 1.01 0.0004 0.05792006105184555 0.20502122207681595 0.4090606992191014 -1.5621398667752775 0.015917645751939772 
3 2 16 64 1024 8192 162 1.01 0.0008 0.042407527565956116 0.18839145775442034 0.42337715409921123 -1.562058821642402 0.016300340411004314 
3 2 16 64 1024 8192 169 1.01 0.0016 0.0875011719763279 0.19493718731904597 0.4152976739923266 -1.5625022273063647 0.016013172899993038 
3 2 16 64 1024 8192 164 1.01 0.0032 0.15256552770733833 0.20184803024255427 0.43534294619686836 -1.5656879159808141 0.016166792947456255 
3 2 16 64 1024 8192 167 1.01 0.0064 0.26439153775572777 0.20018815533119483 0.46761634153198794 -1.5703516097426409 0.016058870123684663 
3 2 16 64 1024 8192 163 1.01 0.0128 0.5054502226412296 0.15367414508889166 0.5504446167312032 -1.6022439069032732 0.015128699887609339 
3 2 16 64 1024 8192 168 1.01 0.0256 0.7267627194523811 0.04181800624751908 0.6275740437893684 -1.655794323027132 0.012742487708494843 
3 2 16 64 1024 8192 155 1.01 0.0512 0.8082812428474426 0.00832890102657835 0.6526378763191423 -1.726104764854904 0.009362674769157298 
3 2 16 64 1024 8192 157 1.01 0.1024 0.8555589318275452 0.003641820631029802 0.6605699169859809 -1.8243858669996191 0.006966265205700007 
3 2 16 64 1024 8192 166 1.01 0.2048 0.897298775613308 0.0016625129466216748 0.664023685586026 -1.9798957545638 0.005142471105980547 
3 2 16 64 1024 8192 159 1.01 0.4096 0.9344426207244396 0.0007222792998335947 0.6655862948619022 -2.244108155584338 0.003561762045863024 
3 2 32 64 1024 8192 640 1.0108 0 0.04139779880642891 0.09423557883768163 0.3715269170004527 -1.5142795275896788 0.005118981311678761 
3 2 32 64 1024 8192 628 1.0116 0 0.031078921630978584 0.09412656819153176 0.3453359042336942 -1.5081505067646503 0.005038669463678591 
3 2 32 64 1024 8192 627 1.0132 0 0.024156500585377216 0.08850953334974537 0.28924593951507704 -1.4979976117610931 0.004866304797860543 
3 2 32 64 1024 8192 631 1.0164 0 0.024128809571266174 0.07856660958889228 0.2777992867938989 -1.4846117328852415 0.004490079668153735 
3 2 32 64 1024 8192 624 1.0228 0 0.02282220497727394 0.0637950736114522 0.2146501735385844 -1.45844267308712 0.003808930584990211 
3 2 32 64 1024 8192 627 1.0356 0 -0.015911170281469822 0.03884953022578069 0.102863705852858 -1.4172077979892492 0.002818791532087639 
3 2 32 64 1024 8192 639 1.0612 0 -0.0013673892244696617 0.022248789783491374 0.02486667630599965 -1.3616421986371279 0.0019736625359147997 
3 2 32 64 1024 8192 620 1.1124 0 0.00047146063297986984 0.010634951201492993 0.008027313481714331 -1.2864431459456682 0.001485198817696931 
3 2 32 64 1024 8192 614 1.2148 0 -4.179961979389191e-05 0.004950774844755812 0.011219673561539521 -1.1869022734463215 0.0011044519781133744 
3 2 32 64 1024 8192 632 1.4196 0 -0.0001815175637602806 0.002492086341778166 0.003498619835380294 -1.0705241709947586 0.0008323387620130518 
3 2 64 64 1024 8192 2792 1.0108 0 0.07530463533475995 0.040387211285964494 0.2148435569407392 -1.489158180076629 0.0011182281092120966 
3 2 64 64 1024 8192 2782 1.0116 0 0.061537754721939564 0.0352645935101089 0.14693701308509177 -1.48316371999681 0.0010182147065382618 
3 2 64 64 1024 8192 2557 1.0132 0 0.08619240066036582 0.03392923630646655 0.13431939681899113 -1.478285833261907 0.0009383031481144666 
3 2 64 64 1024 8192 2534 1.0164 0 0.018606938887387514 0.02389797223306677 0.207929071748238 -1.4653155808337033 0.0008270622923645526 
3 2 64 64 1024 8192 2537 1.0228 0 0.018091216450557113 0.01674224844178673 0.04593228582142837 -1.4443796072155237 0.0007118663519423696 
3 2 64 64 1024 8192 2598 1.0356 0 0.0004305995535105467 0.009947020754758198 0.05652775044944333 -1.4123073439113796 0.0005989306914241238 
3 2 64 64 1024 8192 2641 1.0612 0 0.0009244612883776426 0.005341887708628517 0.016329416646549286 -1.3609094377607107 0.00048423236954611704 
3 2 64 64 1024 8192 2587 1.1124 0 0.0009663421660661697 0.0026522169174971397 0.01114334664404933 -1.2861231458373368 0.00037479612766043446 
3 2 64 64 1024 8192 2559 1.2148 0 0.0005700625479221344 0.001244490815430467 -0.005911594689277667 -1.1869586105458438 0.00027703699266669324 
3 2 64 64 1024 8192 2557 1.4196 0 0.00011483230628073215 0.0006215734583918629 -0.00580514180414593 -1.0705345845781267 0.00020840873402318272 
3 2 64 32 1024 2048 386 0.6004 0 0.9953785873949528 2.079232318319413e-06 0.6666638701291172 -1.9882457666099072 1.246257005638185e-05 
3 2 64 32 1024 2048 391 1.0092 0 0.2635186854749918 0.020573806445088993 0.3536271234204223 -1.499669648706913 0.0009990145059619593 
3 2 64 32 1024 2048 380 1.0084 0 0.28120034374296665 0.01997298396539071 0.43911434316391446 -1.5091035813093185 0.001107994386222444 
3 2 64 32 1024 2048 379 1.0068 0 0.30717605724930763 0.017856874243937115 0.4383571672075361 -1.5115702226758003 0.0010894737596736093 
3 2 64 32 1024 2048 376 1.0036 0 0.42518820241093636 0.013926510545386073 0.5206259602395062 -1.537362940609455 0.001067159402432516 
3 2 64 32 1024 2048 376 0.9972 0 0.5767511837184429 0.008547496820136669 0.6188689614358602 -1.5829505063593388 0.0011164554189444509 
3 2 64 32 1024 2048 374 0.9844 0 0.7290979400277138 0.0035398843840044325 0.6580069634689283 -1.6488111801445484 0.0009379763581995881 
3 2 64 32 1024 2048 399 0.9588 0 0.8359667863696814 0.0005989641312981187 0.6655393070831268 -1.7304487638175488 0.0005183390014393829 
3 2 64 32 1024 2048 395 0.9076 0 0.9086868204176426 0.00013634235721626808 0.6664474715482818 -1.8216391578316689 0.00026732913516447354 
3 2 64 32 1024 2048 377 0.8052 0 0.9636611025780439 2.804300520697911e-05 0.6666264724783639 -1.9179575890302658 0.00010257187119133704 
3 2 64 32 1024 2048 398 1.01 0.0001 0.27936639450490475 0.024882779962582258 0.39251704003650256 -1.4978171076808784 0.0010179015868010369 
3 2 64 32 1024 2048 389 1.01 0.0002 0.2632532473653555 0.018876606357315917 0.4019534208321841 -1.4988880600698833 0.0009658490180304998 
3 2 64 32 1024 2048 390 1.01 0.0004 0.29296436719596386 0.02225599425032898 0.4055487769977011 -1.5022520817830725 0.001002569034010766 
3 2 64 32 1024 2048 389 1.01 0.0008 0.26088669523596764 0.016967109390831236 0.35671513079085204 -1.497161998534139 0.0009214858803124567 
3 2 64 32 1024 2048 389 1.01 0.0016 0.36802754551172256 0.014658072992714377 0.4790686833855515 -1.515126069366867 0.0010647625465434482 
3 2 64 32 1024 2048 389 1.01 0.0032 0.5055183507502079 0.010018339402294352 0.6046128413160226 -1.5399174223006367 0.001151424439815147 
3 2 64 32 1024 2048 377 1.01 0.0064 0.6096154805272818 0.00623133286663291 0.6454780306629463 -1.5720229890943618 0.0011615293409181777 
3 2 64 32 1024 2048 383 1.01 0.0128 0.688881104812026 0.0027694197780306906 0.6592265840335706 -1.6103679857434 0.0009641552059688818 
3 2 64 32 1024 2048 389 1.01 0.0256 0.75398775562644 0.0012142560679899717 0.6638927287840972 -1.6596675707399455 0.0007725061798460014 
3 2 64 32 1024 2048 386 1.01 0.0512 0.8075331132858992 0.0005061286885909011 0.6656422157915141 -1.725510298639475 0.0005754823452035784 
3 2 64 32 1024 2048 405 1.01 0.1024 0.854998841881752 0.00022811484744744703 0.6662525801680069 -1.823667605858995 0.0004378418674314995 
3 2 64 32 1024 2048 407 1.01 0.2048 0.8968193363398314 0.00010494823004136844 0.666493192507655 -1.9791270757975084 0.00032347284658002873 
3 2 64 32 1024 2048 395 1.01 0.4096 0.9344743322581053 4.528301821016267e-05 0.666597616238856 -2.244197076326663 0.00022316667695081383 
3 2 32 32 1024 2048 99 1.0092 0 0.2956745773553848 0.06247098849763333 0.46678253426775895 -1.5198339372873306 0.004655913404441492 
3 2 32 32 1024 2048 98 1.0084 0 0.2936834841966629 0.061574277535477506 0.43366291902193094 -1.5209238678216934 0.004517950582560104 
3 2 32 32 1024 2048 95 1.0068 0 0.19304590672254562 0.06583680463407582 0.44439328486508645 -1.5325862616300583 0.004975615915107312 
3 2 32 32 1024 2048 97 1.0036 0 0.34596503525972366 0.05002088220849821 0.5038596782135192 -1.5461591929197311 0.005227787993696609 
3 2 32 32 1024 2048 95 0.9972 0 0.4732039347290993 0.03342760493497288 0.5694161289866392 -1.591402217745781 0.004332724423669276 
3 2 32 32 1024 2048 96 0.9844 0 0.6080164536833763 0.017609635761440146 0.6260765153390658 -1.6424143016338348 0.0037947039417360884 
3 2 32 32 1024 2048 99 0.9588 0 0.837870679795742 0.0020760853571157867 0.6629115712775608 -1.7310411483049393 0.001996619274500233 
3 2 32 32 1024 2048 96 0.9076 0 0.9084108546376228 0.0005559025452601674 0.6657876299661193 -1.821286141872406 0.0010732412470133568 
3 2 32 32 1024 2048 96 0.8052 0 0.9637861773371696 0.00010737412029904192 0.6665134604168959 -1.9180476665496826 0.00040391598406586127 
3 2 32 32 1024 2048 96 0.6004 0 0.9954313710331917 8.235290865243883e-06 0.6666556102941535 -1.9883717000484467 4.9406742263613523e-05 
3 2 32 32 1024 2048 99 1.01 0.0001 0.2570321038365364 0.060162182547960796 0.44323762452612203 -1.5233898446604506 0.00480837056894224 
3 2 32 32 1024 2048 99 1.01 0.0002 0.27365782111883163 0.05296122699314232 0.46010500546690886 -1.5235850151330066 0.004455345476448629 
3 2 32 32 1024 2048 100 1.01 0.0004 0.2617645040154457 0.04492735267962367 0.4593582449704992 -1.5222735450684886 0.004269299389890654 
3 2 32 32 1024 2048 101 1.01 0.0008 0.24183642864227295 0.04757908212699036 0.45809187665048123 -1.5247959399223436 0.004610010780019415 
3 2 32 32 1024 2048 97 1.01 0.0016 0.3197156861424446 0.04797988160601996 0.45827822970636967 -1.5269430359363745 0.0044564597656737565 
3 2 32 32 1024 2048 98 1.01 0.0032 0.45958103984594345 0.0382178066767036 0.5365968647513966 -1.5382595207214567 0.0044808544461048955 
3 2 32 32 1024 2048 97 1.01 0.0064 0.5498405918478966 0.026199821901291998 0.5550357804290471 -1.5600847015857615 0.004315335835424934 
3 2 32 32 1024 2048 98 1.01 0.0128 0.6789870113134384 0.012827357366504089 0.6346676158112359 -1.6068351182460656 0.0039623510423671075 
3 2 32 32 1024 2048 98 1.01 0.0256 0.755492128431797 0.004457997644044198 0.6570515913345264 -1.6602553134441307 0.0030006743516058374 
3 2 32 32 1024 2048 98 1.01 0.0512 0.8081692829728127 0.0019554789560576324 0.6628328806035897 -1.7258845858812701 0.002236443066638736 
3 2 32 32 1024 2048 97 1.01 0.1024 0.8553110063076019 0.0009129044311855239 0.6650341669085946 -1.8243048967599775 0.001730127071422357 
3 2 32 32 1024 2048 96 1.01 0.2048 0.8974835351109505 0.00041310362895252695 0.6659898270668191 -1.9801848278045475 0.0012847323245496977 
3 2 32 32 1024 2048 95 1.01 0.4096 0.9345455393195152 0.0001804356729149248 0.6663925617140902 -2.244373947644202 0.00088724128033184 
