3 2 8 32 1024 8192 110 1.005 0 19.008934020996094 104.06312942504883 
3 2 16 32 1024 8192 448 1.005 0 85.0681381225586 405.0296859741211 
3 2 32 32 1024 8192 1787 1.005 0 452.1341018676758 1584.5397911071777 
3 2 64 2 1024 8192 502 1.01 0 1539.9103393554688 6085.896057128906 
3 2 64 2 1024 8192 459 1.01 0 1421.7356567382812 6110.50732421875 
3 2 8 2 1024 8192 7 1.01 0 13.9378662109375 104.14288330078125 
3 2 8 2 1024 1 0 1.01 0 1.0 111.0 
3 2 4 2 1024 1 0 1.01 0 7.5 30.0 
3 2 4 2 1024 1 0 1.01 0 15.5 30.0 
3 2 4 2 1024 1 0 1.01 0 0.0 32.0 
3 2 16 32 1024 8192 430 1.01 0 83.19224548339844 399.31388092041016 
3 2 16 32 1024 8192 430 1.01 0 87.34057998657227 400.4893379211426 
3 2 16 32 1024 4096 430 1.01 0 101.5102767944336 400.3700408935547 
3 2 8 32 1024 8192 154 1.01 0 19.519332885742188 103.39953231811523 
3 2 8 32 1024 8192 27 1.01 0 20.322586059570312 103.32336044311523 
3 2 8 32 1024 8192 27 1.01 0 21.72968292236328 103.28695678710938 
3 2 8 32 1024 8192 27 1.01 0 20.838668823242188 103.19272232055664 
3 2 8 32 1024 8192 28 1.01 0 20.09221649169922 103.41739273071289 
3 2 16 32 1024 8192 434 1.01 0 94.64156723022461 399.2054557800293 
3 2 16 32 1024 8192 78 1.01 0 88.86330032348633 399.6233596801758 
3 2 32 32 1024 8192 335 1.01 0 382.6187934875488 1555.9074363708496 
3 2 32 32 1024 8192 511 1.01 0 423.08304595947266 1554.930191040039 
3 2 64 32 1024 8192 1351 1.01 0 1544.4554862976074 6107.70129776001 
3 2 8 64 1024 8192 37 1.0108 0 22.825538635253906 103.25057220458984 
3 2 8 64 1024 8192 38 1.0116 0 21.889036178588867 103.12836074829102 
3 2 8 64 1024 8192 37 1.0132 0 20.564556121826172 103.04187393188477 
3 2 8 64 1024 8192 37 1.0164 0 22.71941375732422 102.373046875 
3 2 8 64 1024 8192 37 1.0228 0 21.556224822998047 101.22528457641602 
3 2 8 64 1024 8192 37 1.0356 0 20.941974639892578 98.80877876281738 
3 2 8 64 1024 8192 37 1.0612 0 21.222492218017578 94.50972747802734 
3 2 8 64 1024 8192 37 1.1124 0 21.47146224975586 86.75982093811035 
3 2 8 64 1024 8192 37 1.2148 0 21.437612533569336 77.29552459716797 
3 2 8 64 1024 8192 39 1.4196 0 21.299278259277344 68.69049263000488 
3 2 8 64 1024 8192 39 1.0092 0 21.744972229003906 103.59583473205566 
3 2 8 64 1024 8192 40 1.0084 0 20.921539306640625 103.65769004821777 
3 2 8 64 1024 8192 38 1.0068 0 21.114118576049805 104.02124214172363 
3 2 8 64 1024 8192 37 1.0036 0 22.875614166259766 104.48584747314453 
3 2 8 64 1024 8192 37 0.9972 0 19.90690040588379 105.3273868560791 
3 2 8 64 1024 8192 37 0.9844 0 21.80474281311035 107.47591400146484 
3 2 8 64 1024 8192 37 0.9588 0 21.802661895751953 111.10395622253418 
3 2 8 64 1024 8192 37 0.9076 0 42.469703674316406 116.5817813873291 
3 2 8 64 1024 8192 37 0.8052 0 62.45281410217285 122.75606155395508 
3 2 8 64 1024 8192 37 0.6004 0 63.80272102355957 127.24728775024414 
3 2 8 64 1024 8192 38 1.01 0.0001 21.504289627075195 103.45404624938965 
3 2 8 64 1024 8192 38 1.01 0.0002 20.167644500732422 103.34897232055664 
3 2 8 64 1024 8192 38 1.01 0.0004 21.539993286132812 103.47859764099121 
3 2 8 64 1024 8192 37 1.01 0.0008 22.199071884155273 103.43074607849121 
3 2 8 64 1024 8192 37 1.01 0.0016 21.881214141845703 103.36027145385742 
3 2 8 64 1024 8192 37 1.01 0.0032 23.84441566467285 103.42660331726074 
3 2 8 64 1024 8192 37 1.01 0.0064 25.343997955322266 103.32383918762207 
3 2 8 64 1024 8192 36 1.01 0.0128 29.469045639038086 103.57218360900879 
3 2 8 64 1024 8192 36 1.01 0.0256 35.96471405029297 104.33681678771973 
3 2 8 64 1024 8192 36 1.01 0.0512 48.62106513977051 106.65095329284668 
3 2 8 64 1024 8192 37 1.01 0.1024 56.888633728027344 110.43981170654297 
3 2 8 64 1024 8192 36 1.01 0.2048 59.626962661743164 114.52503395080566 
3 2 8 64 1024 8192 36 1.01 0.4096 61.22246742248535 118.60954093933105 
3 2 16 64 1024 8192 150 1.0108 0 92.46175384521484 399.23040199279785 
3 2 16 64 1024 8192 150 1.0116 0 83.95417976379395 398.0381603240967 
3 2 16 64 1024 8192 151 1.0132 0 86.46442222595215 397.41346740722656 
3 2 16 64 1024 8192 151 1.0164 0 87.62050819396973 393.33809089660645 
3 2 16 64 1024 8192 151 1.0228 0 83.60677719116211 386.80053329467773 
3 2 16 64 1024 8192 151 1.0356 0 86.9375991821289 374.00978660583496 
3 2 16 64 1024 8192 150 1.0612 0 84.89471435546875 354.4362106323242 
3 2 16 64 1024 8192 151 1.1124 0 84.81512832641602 330.6006774902344 
3 2 16 64 1024 8192 150 1.2148 0 85.75037956237793 304.04367446899414 
3 2 16 64 1024 8192 151 1.4196 0 85.54186630249023 274.01610946655273 
3 2 16 64 1024 8192 224 1.0092 0 87.39900970458984 400.6331043243408 
3 2 16 64 1024 8192 152 1.0084 0 92.03889083862305 401.11654472351074 
3 2 16 64 1024 8192 151 1.0068 0 87.46738243103027 404.2416934967041 
3 2 16 64 1024 8192 151 1.0036 0 98.07602500915527 406.38889503479004 
3 2 16 64 1024 8192 152 0.9972 0 92.30566215515137 412.30670738220215 
3 2 16 64 1024 8192 154 0.9844 0 120.48165893554688 424.22876930236816 
3 2 16 64 1024 8192 151 0.9588 0 191.5896759033203 442.98519706726074 
3 2 16 64 1024 8192 151 0.9076 0 237.7509365081787 466.4044589996338 
3 2 16 64 1024 8192 151 0.8052 0 249.80459594726562 491.0005168914795 
3 2 16 64 1024 8192 151 0.6004 0 255.2184009552002 509.01587867736816 
3 2 16 64 1024 8192 158 1.01 0.0001 94.87894248962402 399.00279235839844 
3 2 16 64 1024 8192 154 1.01 0.0002 84.8537712097168 399.80810356140137 
3 2 16 64 1024 8192 159 1.01 0.0004 95.21835708618164 399.86971855163574 
3 2 16 64 1024 8192 162 1.01 0.0008 92.57088470458984 399.81300163269043 
3 2 16 64 1024 8192 169 1.01 0.0016 100.26686668395996 399.84014320373535 
3 2 16 64 1024 8192 164 1.01 0.0032 111.37118339538574 400.45971870422363 
3 2 16 64 1024 8192 167 1.01 0.0064 130.45615577697754 401.17509269714355 
3 2 16 64 1024 8192 163 1.01 0.0128 171.59683799743652 407.97800064086914 
3 2 16 64 1024 8192 168 1.01 0.0256 209.36750411987305 418.52353858947754 
3 2 16 64 1024 8192 155 1.01 0.0512 223.27999877929688 430.45088386535645 
3 2 16 64 1024 8192 157 1.01 0.1024 231.34872436523438 443.3526725769043 
3 2 16 64 1024 8192 166 1.01 0.2048 238.4723243713379 458.01418113708496 
3 2 16 64 1024 8192 159 1.01 0.4096 244.8115406036377 474.21688079833984 
3 2 32 64 1024 8192 640 1.0108 0 369.59423065185547 1550.622236251831 
3 2 32 64 1024 8192 628 1.0116 0 362.54987716674805 1544.346118927002 
3 2 32 64 1024 8192 627 1.0132 0 357.8241710662842 1533.9495544433594 
3 2 32 64 1024 8192 631 1.0164 0 357.8052673339844 1520.2424144744873 
3 2 32 64 1024 8192 624 1.0228 0 356.91329193115234 1493.445297241211 
3 2 32 64 1024 8192 627 1.0356 0 330.4713077545166 1451.2207851409912 
3 2 32 64 1024 8192 639 1.0612 0 340.3998622894287 1394.321611404419 
3 2 32 64 1024 8192 620 1.1124 0 341.65518379211426 1317.3177814483643 
3 2 32 64 1024 8192 614 1.2148 0 341.3047981262207 1215.3879280090332 
3 2 32 64 1024 8192 632 1.4196 0 341.20941734313965 1096.2167510986328 
3 2 64 64 1024 8192 2792 1.0108 0 1570.9651908874512 6099.591905593872 
3 2 64 64 1024 8192 2782 1.0116 0 1533.372428894043 6075.038597106934 
3 2 64 64 1024 8192 2557 1.0132 0 1600.6960487365723 6055.0587730407715 
3 2 64 64 1024 8192 2534 1.0164 0 1416.1426811218262 6001.932619094849 
3 2 64 64 1024 8192 2537 1.0228 0 1414.7344150543213 5916.178871154785 
3 2 64 64 1024 8192 2598 1.0356 0 1366.5091571807861 5784.810880661011 
3 2 64 64 1024 8192 2641 1.0612 0 1367.8577289581299 5574.285057067871 
3 2 64 64 1024 8192 2587 1.1124 0 1367.9720916748047 5267.960405349731 
3 2 64 64 1024 8192 2559 1.2148 0 1366.8899841308594 4861.782468795776 
3 2 64 64 1024 8192 2557 1.4196 0 1365.6469020843506 4384.909658432007 
3 2 64 32 1024 2048 386 0.6004 0 4083.3804626464844 8143.85466003418 
3 2 64 32 1024 2048 391 1.0092 0 2084.915023803711 6142.646881103516 
3 2 64 32 1024 2048 380 1.0084 0 2133.197738647461 6181.288269042969 
3 2 64 32 1024 2048 379 1.0068 0 2204.1287536621094 6191.391632080078 
3 2 64 32 1024 2048 376 1.0036 0 2526.380584716797 6297.038604736328 
3 2 64 32 1024 2048 376 0.9972 0 2940.248565673828 6483.765274047852 
3 2 64 32 1024 2048 374 0.9844 0 3356.2567749023438 6753.53059387207 
3 2 64 32 1024 2048 399 0.9588 0 3648.0799713134766 7087.91813659668 
3 2 64 32 1024 2048 395 0.9076 0 3846.6541442871094 7461.433990478516 
3 2 64 32 1024 2048 377 0.8052 0 3996.7705841064453 7855.954284667969 
3 2 64 32 1024 2048 398 1.01 0.0001 2128.1898345947266 6134.846054077148 
3 2 64 32 1024 2048 389 1.01 0.0002 2084.190200805664 6139.028656005859 
3 2 64 32 1024 2048 390 1.01 0.0004 2165.3213653564453 6152.3583984375 
3 2 64 32 1024 2048 389 1.01 0.0008 2077.7279357910156 6130.713363647461 
3 2 64 32 1024 2048 389 1.01 0.0016 2370.2938842773438 6202.163909912109 
3 2 64 32 1024 2048 389 1.01 0.0032 2745.7354431152344 6298.715408325195 
3 2 64 32 1024 2048 377 1.01 0.0064 3029.990005493164 6419.614227294922 
3 2 64 32 1024 2048 383 1.01 0.0128 3246.438003540039 6554.51286315918 
3 2 64 32 1024 2048 389 1.01 0.0256 3424.2225646972656 6710.338272094727 
3 2 64 32 1024 2048 386 1.01 0.0512 3570.4370880126953 6884.883804321289 
3 2 64 32 1024 2048 405 1.01 0.1024 3700.0501708984375 7090.857376098633 
3 2 64 32 1024 2048 407 1.01 0.2048 3814.248001098633 7325.34651184082 
3 2 64 32 1024 2048 395 1.01 0.4096 3917.071243286133 7587.798843383789 
3 2 32 32 1024 2048 99 1.0092 0 543.1805114746094 1556.3099517822266 
3 2 32 32 1024 2048 98 1.0084 0 541.8212585449219 1557.426040649414 
3 2 32 32 1024 2048 95 1.0068 0 473.1193389892578 1569.3683319091797 
3 2 32 32 1024 2048 97 1.0036 0 577.5121307373047 1583.2670135498047 
3 2 32 32 1024 2048 95 0.9972 0 664.3738861083984 1629.5958709716797 
3 2 32 32 1024 2048 96 0.9844 0 756.4058990478516 1681.8322448730469 
3 2 32 32 1024 2048 99 0.9588 0 913.3197174072266 1772.5861358642578 
3 2 32 32 1024 2048 96 0.9076 0 961.4751434326172 1864.9970092773438 
3 2 32 32 1024 2048 96 0.8052 0 999.2780303955078 1964.080810546875 
3 2 32 32 1024 2048 96 0.6004 0 1020.8811492919922 2036.0926208496094 
3 2 32 32 1024 2048 99 1.01 0.0001 516.8005828857422 1559.8995208740234 
3 2 32 32 1024 2048 99 1.01 0.0002 528.1504058837891 1560.045425415039 
3 2 32 32 1024 2048 100 1.01 0.0004 520.0312347412109 1558.60009765625 
3 2 32 32 1024 2048 101 1.01 0.0008 506.427001953125 1560.9859008789062 
3 2 32 32 1024 2048 97 1.01 0.0016 559.5925750732422 1562.694320678711 
3 2 32 32 1024 2048 98 1.01 0.0032 655.0739898681641 1573.0815124511719 
3 2 32 32 1024 2048 97 1.01 0.0064 716.6911773681641 1592.9399108886719 
3 2 32 32 1024 2048 98 1.01 0.0128 804.8551330566406 1635.0970153808594 
3 2 32 32 1024 2048 98 1.01 0.0256 857.0826263427734 1678.1601257324219 
3 2 32 32 1024 2048 98 1.01 0.0512 893.0435638427734 1721.5819854736328 
3 2 32 32 1024 2048 97 1.01 0.1024 925.2256469726562 1773.3451080322266 
3 2 32 32 1024 2048 96 1.01 0.2048 954.0154266357422 1832.326904296875 
3 2 32 32 1024 2048 95 1.01 0.4096 979.3164215087891 1897.1109161376953 
