3 2 8 64 2048 4096 22 1.0042 0 0.018248647451400757 0.2657406745547064 0.4537774487917031 -1.6304165124893188 0.040549086548708146 
3 2 8 64 2048 4096 22 1.0033999999999998 0 0.016337215900421143 0.26237113577064974 0.44393322898437504 -1.6309099793434143 0.040662168560857026 
3 2 8 64 2048 4096 22 1.0017999999999998 0 -0.04328417778015137 0.2559364206590544 0.4444482884538372 -1.6362817883491516 0.040079602824107496 
3 2 8 64 2048 4096 22 0.9985999999999999 0 -0.014635413885116577 0.2687452918973463 0.44178772547976186 -1.6447946429252625 0.03962270652004918 
3 2 8 64 2048 4096 22 0.9921999999999999 0 -0.005424797534942627 0.2658530686500171 0.4699424604360749 -1.6603854298591614 0.037437209259451265 
3 2 8 64 2048 4096 21 0.9793999999999999 0 0.0406281054019928 0.26250248042612156 0.5006669482069745 -1.6893690824508667 0.03454606420609707 
3 2 8 64 2048 4096 22 0.9537999999999999 0 0.04257887601852417 0.2367846383954202 0.5401419631171935 -1.7448318600654602 0.027614229916480326 
3 2 8 64 2048 4096 22 0.9025999999999998 0 0.530010461807251 0.07666059682912874 0.6290571599960063 -1.8279030323028564 0.01656624877523427 
3 2 8 64 2048 4096 22 0.8001999999999999 0 0.9452667534351349 0.004945031694717272 0.6618558938831622 -1.9210987091064453 0.0062493545033248665 
3 2 8 64 2048 4096 24 0.5953999999999999 0 0.9957199990749359 0.00012054901793590034 0.6665100014933523 -1.9890813827514648 0.000730457404642948 
3 2 8 64 2048 4096 23 1.0057999999999998 0 0.029829442501068115 0.2680157229442557 0.4441497729046328 -1.6261140704154968 0.04070605785841508 
3 2 8 64 2048 4096 23 1.0066 0 -0.009096384048461914 0.27186206361920995 0.4326538605080001 -1.62241131067276 0.0410813422092815 
3 2 8 64 2048 4096 23 1.0082 0 -0.008715510368347168 0.25953163977590066 0.43846106187938066 -1.6216076016426086 0.04144769505387558 
3 2 8 64 2048 4096 24 1.0113999999999999 0 0.024076372385025024 0.26794595537563737 0.43827843397817656 -1.6123079061508179 0.041783997775837634 
3 2 8 64 2048 4096 23 1.0177999999999998 0 0.001070261001586914 0.24679702901505607 0.4215039262333034 -1.591477632522583 0.04407029138019425 
3 2 8 64 2048 4096 23 1.0306 0 0.0032553672790527344 0.2456761498232254 0.3984848058377629 -1.557657241821289 0.045180554795024364 
3 2 8 64 2048 4096 23 1.0561999999999998 0 -0.0026264488697052 0.21420144405288966 0.34463969980299203 -1.4921045899391174 0.04589554084782321 
3 2 8 64 2048 4096 22 1.1074 0 -0.0009405016899108887 0.15231873934362739 0.23018090599085644 -1.3668939471244812 0.039696091587529736 
3 2 8 64 2048 4096 23 1.2098 0 0.006054610013961792 0.08417401013542758 0.06993237253774315 -1.2133697271347046 0.023914430249988072 
3 2 8 64 2048 4096 23 1.4145999999999999 0 0.001628786325454712 0.04056795867990104 0.019298924033585723 -1.0754504203796387 0.014186037243689498 
3 2 8 64 2048 4096 23 1.005 0.0001 -0.003425031900405884 0.25416954665860203 0.4533153822094918 -1.6297406202375897 0.04044995120829163 
3 2 8 64 2048 4096 23 1.005 0.0002 0.04532885551452637 0.27862120216445874 0.4474202804068444 -1.629126064777375 0.04100192754873602 
3 2 8 64 2048 4096 23 1.005 0.0004 -0.033244043588638306 0.24145736471035661 0.44493348916118924 -1.6302370566606519 0.04010534048800959 
3 2 8 64 2048 4096 23 1.005 0.0008 0.015653878450393677 0.27367976996407606 0.4379972993848154 -1.6279779668331142 0.04074302099591347 
3 2 8 64 2048 4096 24 1.005 0.0016 0.013620764017105103 0.2662199759711825 0.4521128466510488 -1.6278576613426208 0.04117396043331529 
3 2 8 64 2048 4096 24 1.005 0.0032 0.02025511860847473 0.2739947083380798 0.44526379829297646 -1.6275214347839362 0.04051466645737817 
3 2 8 64 2048 4096 23 1.005 0.0064 0.10415363311767578 0.3024710454469641 0.4539295806987488 -1.6330314875602718 0.04076155239230459 
3 2 8 64 2048 4096 23 1.005 0.0128 0.2143295705318451 0.30446160469438155 0.4826286848803695 -1.6416496279716486 0.040099330152456335 
3 2 8 64 2048 4096 23 1.005 0.0256 0.36664462089538574 0.2958387574773269 0.5140427245867042 -1.6564403983116138 0.04082301320185778 
3 2 8 64 2048 4096 23 1.005 0.0512 0.6763223707675934 0.15054298768910712 0.6002253737133738 -1.7227311421394336 0.036427171375923745 
3 2 8 64 2048 4096 23 1.005 0.1024 0.8429782092571259 0.03066388858388791 0.6441799780317898 -1.8265209196090715 0.028344760531819196 
3 2 8 64 2048 4096 23 1.005 0.2048 0.8995679020881653 0.006570993223590449 0.6574978235697231 -1.9846870976448083 0.02027577260313575 
3 2 8 64 2048 4096 23 1.005 0.4096 0.936912477016449 0.0027326292125735563 0.662838376150385 -2.249667340660095 0.013678721184348078 
3 2 8 64 2048 4096 22 1.005 0 0.02487441897392273 0.26231275607034377 0.4453029787129396 -1.6261493563652039 0.041025520312587105 
3 2 16 64 2048 4096 89 1.005 0 0.029128536581993103 0.12738117419858952 0.5023236469829548 -1.5855955332517624 0.01517893524517433 
3 2 16 64 2048 4096 87 1.0057999999999998 0 0.021607086062431335 0.14242141656238516 0.48165941336438733 -1.579616665840149 0.015269996200430569 
3 2 16 64 2048 4096 88 1.0066 0 0.049008309841156006 0.16239383414143305 0.46871798739521686 -1.5740594416856766 0.015535600119918058 
3 2 16 64 2048 4096 87 1.0082 0 0.029849492013454437 0.15676704642838857 0.45912434504113786 -1.570354089140892 0.01588648669876136 
3 2 16 64 2048 4096 88 1.0113999999999999 0 -0.0034466907382011414 0.16069294968086112 0.4421801321495097 -1.5588364154100418 0.015650650446204395 
3 2 16 64 2048 4096 87 1.0177999999999998 0 -0.058790139853954315 0.13292513458084798 0.4097632714694033 -1.5279279500246048 0.016248555021704192 
3 2 16 64 2048 4096 87 1.0306 0 -0.006082162261009216 0.13456446910961262 0.34135051537136585 -1.4837975353002548 0.015114975203957215 
3 2 16 64 2048 4096 90 1.0561999999999998 0 -0.015845224261283875 0.08542209527645639 0.1876783933544074 -1.3955338895320892 0.011518443791743493 
3 2 16 64 2048 4096 90 1.1074 0 -0.009845949709415436 0.0428518822553805 0.07387697532545563 -1.2973313182592392 0.006752009790361058 
3 2 16 64 2048 4096 87 1.2098 0 -0.0017701759934425354 0.020232522517243723 0.020753933722898757 -1.1908519864082336 0.004579696606185735 
3 2 16 64 2048 4096 90 1.4145999999999999 0 0.00014822930097579956 0.01006515757309856 -0.005149502931062356 -1.0727779120206833 0.0033488648082169448 
3 2 16 64 2048 4096 88 1.0042 0 0.040710002183914185 0.15053387446315725 0.4880711033720043 -1.5825931280851364 0.015519921638670553 
3 2 16 64 2048 4096 87 1.0033999999999998 0 0.01696036010980606 0.15238519439203557 0.4795359722706256 -1.5869234800338745 0.015288620411496368 
3 2 16 64 2048 4096 86 1.0017999999999998 0 0.04256204515695572 0.16785983563103812 0.47192793512407677 -1.5895666927099228 0.015135427559229697 
3 2 16 64 2048 4096 87 0.9985999999999999 0 0.13162367790937424 0.14902269836929705 0.5074436041723096 -1.6046507507562637 0.015052263683955402 
3 2 16 64 2048 4096 88 0.9921999999999999 0 0.10878366231918335 0.10891279946788757 0.5694383132702917 -1.634748250246048 0.0131175921514739 
3 2 16 64 2048 4096 90 0.9793999999999999 0 0.36488209664821625 0.10182008857395175 0.59150487414211 -1.6762605458498 0.011288524524061927 
3 2 16 64 2048 4096 86 0.9537999999999999 0 0.7165901735424995 0.026978063792558515 0.6460880841834423 -1.7427525967359543 0.007671955801399122 
3 2 16 64 2048 4096 87 0.9025999999999998 0 0.9123830497264862 0.00209135422656459 0.6635846966571336 -1.8275147378444672 0.00415872194312783 
3 2 16 64 2048 4096 86 0.8001999999999999 0 0.9651092439889908 0.0004190670923236439 0.666081548102232 -1.9209145903587341 0.001570489434556066 
3 2 16 64 2048 4096 88 0.5953999999999999 0 0.9956923946738243 3.0816386786369776e-05 0.6666255946163103 -1.9890271574258804 0.0001848861914055533 
3 2 16 64 2048 4096 91 1.005 0.0001 0.006502203643321991 0.14698616594026603 0.4838925769890449 -1.5828407861664866 0.015297460079188982 
3 2 16 64 2048 4096 89 1.005 0.0002 0.004366695880889893 0.14427753989939873 0.48474919791178506 -1.583796650123598 0.015404134980390484 
3 2 16 64 2048 4096 90 1.005 0.0004 0.12913239747285843 0.18075143458066734 0.4763614506597617 -1.580580216091875 0.015522406052783634 
3 2 16 64 2048 4096 89 1.005 0.0008 0.05406391620635986 0.15499000686952513 0.48202120754034966 -1.5817218977212937 0.01545330102315192 
3 2 16 64 2048 4096 87 1.005 0.0016 0.08487927913665771 0.16797138344237794 0.4837653470708767 -1.5852217270374287 0.014908890157908566 
3 2 16 64 2048 4096 88 1.005 0.0032 0.08539001643657684 0.1551934309258769 0.5023342383156835 -1.5895816340923292 0.015019920586959366 
3 2 16 64 2048 4096 88 1.005 0.0064 0.3742970749735832 0.15967842089527196 0.5125461188973959 -1.5938739104509345 0.01530388239018864 
3 2 16 64 2048 4096 88 1.005 0.0128 0.566116102039814 0.11736297496894466 0.5701654294236953 -1.6210719124317237 0.014489997498767778 
3 2 16 64 2048 4096 88 1.005 0.0256 0.7562187165021896 0.02871289563525181 0.6358057898171938 -1.674173596715925 0.011631501131832213 
3 2 16 64 2048 4096 87 1.005 0.0512 0.818608283996582 0.007203950319478736 0.6545326255567259 -1.7382570958614307 0.008717762788783001 
3 2 16 64 2048 4096 90 1.005 0.1024 0.8607396632432938 0.0034925357899169285 0.6609178742554002 -1.8324939833402563 0.006752476885725663 
3 2 16 64 2048 4096 89 1.005 0.2048 0.900833010673523 0.001562652012907506 0.6641966989828584 -1.986493650054923 0.004936572537354917 
3 2 16 64 2048 4096 87 1.005 0.4096 0.9363611713051796 0.0006901924289373085 0.665638161537321 -2.2485682789325736 0.0034252026969068448 
3 2 32 64 2048 4096 352 1.005 0 0.2231124136596918 0.07537030035819847 0.4832070427714788 -1.5452743507921696 0.004984033348583772 
3 2 32 64 2048 4096 357 1.0057999999999998 0 0.12717613391578197 0.08527475074279223 0.4329174233227437 -1.538089293986559 0.0051726179291469165 
3 2 32 64 2048 4096 353 1.0066 0 0.17444245144724846 0.08906700141717394 0.42071356455158065 -1.5324238799512386 0.005204781223194566 
3 2 32 64 2048 4096 342 1.0082 0 0.0953101385384798 0.07289188586221429 0.4507178998422964 -1.5279487259685993 0.004955227160730935 
3 2 32 64 2048 4096 339 1.0113999999999999 0 0.10573729313910007 0.07139208031762023 0.3893833124047849 -1.5078079253435135 0.004691117522966692 
3 2 32 64 2048 4096 344 1.0177999999999998 0 0.023819439113140106 0.07005855104923198 0.3032722112550206 -1.478463426232338 0.004220914620919558 
3 2 32 64 2048 4096 349 1.0306 0 -0.030959198251366615 0.041017179544833526 0.20540906569739098 -1.4324749447405338 0.00314714565152574 
3 2 32 64 2048 4096 354 1.0561999999999998 0 0.0008837413042783737 0.022345918179450974 0.09094405683842718 -1.3707224130630493 0.0020227696323171784 
3 2 32 64 2048 4096 351 1.1074 0 -0.0016805846244096756 0.010673883869901646 0.02712619019011182 -1.2924446426331997 0.001511987372299295 
3 2 32 64 2048 4096 345 1.2098 0 3.053620457649231e-05 0.005141612871849777 0.02456146622676146 -1.1909982934594154 0.0011218535562740328 
3 2 32 64 2048 4096 357 1.4145999999999999 0 0.0004633106291294098 0.002515910516372788 0.006921282427889655 -1.0726566091179848 0.0008365940478753942 
3 2 32 64 2048 4096 359 1.0042 0 0.28083353489637375 0.05319525364045541 0.5317117152396968 -1.556051094084978 0.004896390389473204 
3 2 32 64 2048 4096 350 1.0033999999999998 0 0.1885700710117817 0.057790935873961224 0.5186521498954231 -1.559078425168991 0.005055874003586425 
3 2 32 64 2048 4096 354 1.0017999999999998 0 0.24816789478063583 0.07369713945958667 0.494728946571865 -1.5628008656203747 0.005158964157188528 
3 2 32 64 2048 4096 359 0.9985999999999999 0 0.34026260301470757 0.06762952979600767 0.5541109209605907 -1.585679117590189 0.005081400440151818 
3 2 32 64 2048 4096 357 0.9921999999999999 0 0.49673388712108135 0.04131623091873382 0.6010960810391858 -1.6174721792340279 0.004400034312258327 
3 2 32 64 2048 4096 351 0.9793999999999999 0 0.7194218151271343 0.0147378882980993 0.6465909520355421 -1.6696238070726395 0.0033805804261497485 
3 2 32 64 2048 4096 349 0.9537999999999999 0 0.8472021296620369 0.0020210699734790616 0.6631463146816157 -1.7420232817530632 0.0019475496574834494 
3 2 32 64 2048 4096 347 0.9025999999999998 0 0.9126336071640253 0.0005144335820748136 0.6658604354181794 -1.827860053628683 0.001027785569509554 
3 2 32 64 2048 4096 357 0.8001999999999999 0 0.9652829170227051 0.00010327928948061782 0.6665197990887439 -1.9211823791265488 0.00038828009918745465 
3 2 32 64 2048 4096 357 0.5953999999999999 0 0.995663471519947 7.76733998719692e-06 0.6666562431365549 -1.988954421132803 4.6636287614809646e-05 
3 2 32 64 2048 4096 367 1.005 0.0001 0.167957266792655 0.0670402040869369 0.4968019222392775 -1.5462084209952411 0.00521456748779895 
3 2 32 64 2048 4096 363 1.005 0.0002 0.22436376474797726 0.07121933337286745 0.471667601237189 -1.5463519692011023 0.005157852005769948 
3 2 32 64 2048 4096 368 1.005 0.0004 0.16590014100074768 0.07631440246338617 0.4732171882431536 -1.547968912827956 0.005132702185114576 
3 2 32 64 2048 4096 369 1.005 0.0008 0.16684549674391747 0.07294555975742067 0.47848142626333434 -1.5470036205649476 0.00531261516656134 
3 2 32 64 2048 4096 366 1.005 0.0016 0.340630691498518 0.061243279330228884 0.5141073948719392 -1.558012447339316 0.005068458391575041 
3 2 32 64 2048 4096 356 1.005 0.0032 0.4791548680514097 0.05051540841084434 0.5310710790553093 -1.5646510090112913 0.0048311434993896975 
3 2 32 64 2048 4096 354 1.005 0.0064 0.6074669752269983 0.029394034372151046 0.5914849883619926 -1.591542039751998 0.0045044920052330585 
3 2 32 64 2048 4096 361 1.005 0.0128 0.7200905121862888 0.008732380321057498 0.6477030200228036 -1.6314735203444823 0.003649343073028834 
3 2 32 64 2048 4096 371 1.005 0.0256 0.768587701022625 0.004247585051087022 0.6579214114524927 -1.6737445401668474 0.002902401559066802 
3 2 32 64 2048 4096 367 1.005 0.0512 0.817973181605339 0.0018148262355111022 0.6631958934608182 -1.7376329376757522 0.002203070729883 
3 2 32 64 2048 4096 353 1.005 0.1024 0.8603703118860722 0.0008718411210733024 0.6651275499670073 -1.8319427169859317 0.001705793278617936 
3 2 32 64 2048 4096 355 1.005 0.2048 0.9006466474384069 0.00039083137716766636 0.6660301350174083 -1.9861098993897257 0.0012422341275459552 
3 2 32 64 2048 4096 356 1.005 0.4096 0.936298307031393 0.00017344590158119289 0.6664041920928575 -2.248375662797658 0.0008612807540286976 
3 2 64 64 2048 4096 1448 1.0057999999999998 0 0.2570480923168361 0.024877225516896237 0.4203183847247283 -1.5138666117563844 0.0011849161427453514 
3 2 64 64 2048 4096 1410 1.0066 0 0.22160810511559248 0.032199504568523024 0.4123019654689414 -1.5130038699135184 0.0012689135829548337 
3 2 64 64 2048 4096 1423 1.0082 0 0.13094736449420452 0.03081387858383336 0.3258283244705717 -1.498166655190289 0.0011094106136799176 
3 2 64 64 2048 4096 1406 1.0113999999999999 0 0.04691086709499359 0.02255297682448526 0.28374202882470273 -1.481917668133974 0.0009123121869692996 
3 2 64 64 2048 4096 1387 1.0177999999999998 0 0.021876247134059668 0.01825058653129681 0.2348598410189771 -1.4605880752205849 0.0008225349250540193 
3 2 64 64 2048 4096 1388 1.0306 0 0.006612023338675499 0.010725695915298705 0.11242384005198268 -1.4237522836774588 0.0006222880693091959 
3 2 64 64 2048 4096 1381 1.0561999999999998 0 0.0010767080821096897 0.005875279030821842 0.059370535540052394 -1.3685974972322583 0.0004964929970877052 
3 2 64 64 2048 4096 1408 1.1074 0 -0.0010188724845647812 0.0027368334975189923 0.027996600332588488 -1.2923037596046925 0.0003762911733131702 
3 2 64 64 2048 4096 1425 1.2098 0 -0.00042847776785492897 0.0012716736615478036 0.00618417263279911 -1.19100293610245 0.000280768132085496 
3 2 64 64 2048 4096 1401 1.4145999999999999 0 9.10172238945961e-05 0.0006360854634108182 0.010975740955085965 -1.0726759927347302 0.00020964016429741994 
3 2 64 64 2048 4096 1432 1.0042 0 0.3005291256122291 0.02738225650225344 0.44419278715431065 -1.5244442336261272 0.001203471653490551 
3 2 64 64 2048 4096 1445 1.0033999999999998 0 0.2812672760337591 0.02586123214064806 0.45058953063567864 -1.5241186078637838 0.0011671771902758143 
3 2 64 64 2048 4096 1459 1.0017999999999998 0 0.3453923906199634 0.024189208326078807 0.4969308549193698 -1.5421260679140687 0.001337975231474109 
3 2 64 64 2048 4096 1450 0.9985999999999999 0 0.4921149555593729 0.020073621207755743 0.5591497964399861 -1.564915963448584 0.001319887093190364 
3 2 64 64 2048 4096 1414 0.9921999999999999 0 0.6466226866468787 0.009127598971096912 0.6374333644336414 -1.6128096068277955 0.0011765505931523035 
3 2 64 64 2048 4096 1417 0.9793999999999999 0 0.7645492190495133 0.002460239018671484 0.6611860752394568 -1.6707116402685642 0.0008306152002754974 
3 2 64 64 2048 4096 1406 0.9537999999999999 0 0.8465905273333192 0.0005484204582364705 0.6656654012070696 -1.7418476156890392 0.0004954921108945021 
3 2 64 64 2048 4096 1415 0.9025999999999998 0 0.9128173901699483 0.0001294182819897155 0.6664607649005314 -1.8280860418453813 0.00025852940895604304 
3 2 64 64 2048 4096 1463 0.8001999999999999 0 0.9652473372407258 2.59639387898275e-05 0.6666295703330996 -1.9211006630212069 9.76994171013601e-05 
3 2 64 64 2048 4096 1420 0.5953999999999999 0 0.995680317748338 1.9157697517119265e-06 0.6666640914968232 -1.9889913341030478 1.1541145575721945e-05 
3 2 64 64 2048 4096 1485 1.005 0.0001 0.22329867770895362 0.035196161357561 0.3718943728389962 -1.517901838511384 0.0012264306442956111 
3 2 64 64 2048 4096 1466 1.005 0.0002 0.2959382859990001 0.03193298644470963 0.4185163802038703 -1.521134681034519 0.001315724052952046 
3 2 64 64 2048 4096 1472 1.005 0.0004 0.2699256809428334 0.029777154575344356 0.41806502298056497 -1.5217076965681786 0.0012308642729055943 
3 2 64 64 2048 4096 1429 1.005 0.0008 0.3514006156474352 0.02431913818382378 0.4797659431662156 -1.5303690079971422 0.001308141423236382 
3 2 64 64 2048 4096 1440 1.005 0.0016 0.44607772678136826 0.02143841819941955 0.5282047517095225 -1.541799636655975 0.001403416411392948 
3 2 64 64 2048 4096 1486 1.005 0.0032 0.5722001399844885 0.010368045318739388 0.6255890422914774 -1.5686783068061507 0.0012608437097692232 
3 2 64 64 2048 4096 1510 1.005 0.0064 0.6526282839477062 0.005506051679171842 0.6505212654827981 -1.5955470494643946 0.0011731050382135185 
3 2 64 64 2048 4096 1469 1.005 0.0128 0.717616077978164 0.0021968485977513913 0.6611727636802771 -1.63005686672342 0.0009141667831347746 
3 2 64 64 2048 4096 1501 1.005 0.0256 0.771038772072643 0.0009947390236953318 0.6644847853881807 -1.6751094384312233 0.0007089829116818104 
3 2 64 64 2048 4096 1498 1.005 0.0512 0.8179403971880674 0.000462204569774749 0.6657551202999541 -1.7376622719510773 0.0005553007768308312 
3 2 64 64 2048 4096 1496 1.005 0.1024 0.8607257744297385 0.00021298887673373845 0.6662850862628802 -1.8323286316170813 0.0004213254907875037 
3 2 64 64 2048 4096 1494 1.005 0.2048 0.9004706498235464 9.923947572709757e-05 0.666503869586756 -1.9858400351481544 0.0003117709435352409 
3 2 64 64 2048 4096 1478 1.005 0.4096 0.9364383546635509 4.320822513631528e-05 0.6666010497103131 -2.248693091431316 0.00021535246461734447 
3 2 64 64 2048 4096 1452 1.005 0 0.2527861879207194 0.027188914041335402 0.4118828917426048 -1.5173268802464008 0.0011804927038775448 
